triggersfile version 1
88
0.1 0 100000000  1 37 1 0  0 
0.2 0 100000000  1 37 1 0  1 1 4 164 16 17 1 
0 0 0  2 37 0 2147483679 2 144115188075855872 0  2 2133 2 144115188075855872 0 47 1 144115188075855872 
0 0 0  2 37 0 2147483679 2 144115188075855873 0  1 2133 2 144115188075855873 0 
0 0 24  0  28 1492 1 100 1490 1 150 2121 3 1224979098644774912 262 23 6 3 1224979098644774913 46 73 521 3 1224979098644774914 1224979098644774913 23 1492 1 100 6 3 1224979098644774915 23 79 2120 3 1224979098644774916 1224979098644774915 1224979098644774912 521 3 1224979098644774917 1224979098644774913 1224979098644774916 2133 2 1224979098644774918 100 2107 2 1224979098644774918 1000 2108 2 1224979098644774918 1224979098644774917 2107 2 1224979098644774918 1000 2108 2 1224979098644774918 1224979098644774917 2107 2 1224979098644774918 1000 2108 2 1224979098644774918 1224979098644774917 2107 2 1224979098644774918 1000 2108 2 1224979098644774918 1224979098644774917 1493 2 1224979098644774915 1224979098644774918 3 0 1512 3 1224979098644774914 11 40 1510 2 1224979098644774914 30 1511 1 1224979098644774914 2149 2 1224979098644774919 1224979098644774914 2147483678 2 1224979098644774919 1500 2136 3 1224979098644774920 500 1000 1 3 311 1224979098644774914 1224979098644774920 3 0 
0 0 24  0  16 1492 1 100 1490 1 150 6 3 72057594037927938 636 663 1512 3 72057594037927938 12 5 1512 3 72057594037927938 15 5 1512 3 72057594037927938 13 5 1512 3 72057594037927938 13 5 1512 3 72057594037927938 13 5 1512 3 72057594037927938 14 5 1510 2 72057594037927938 30 1511 1 72057594037927938 2149 2 72057594037927942 72057594037927938 2147483678 2 72057594037927942 900 2136 3 1224979098644774912 200 400 1 3 311 72057594037927938 1224979098644774912 3 1 0 
0 0 24  0  23 1492 1 100 1490 1 150 6 3 72057594037927938 663 690 1512 3 72057594037927938 2 5 1512 3 72057594037927938 3 5 1512 3 72057594037927938 4 5 1512 3 72057594037927938 10 4 1512 3 72057594037927938 9 5 1512 3 72057594037927938 9 5 1512 3 72057594037927938 17 5 1512 3 72057594037927938 16 5 1512 3 72057594037927938 16 5 1512 3 72057594037927938 6 5 1512 3 72057594037927938 18 5 1512 3 72057594037927938 7 4 1512 3 72057594037927938 7 4 1510 2 72057594037927938 30 1511 1 72057594037927938 2149 2 72057594037927942 72057594037927938 2147483678 2 72057594037927942 900 2136 3 1224979098644774912 200 400 1 3 311 72057594037927938 1224979098644774912 3 1 0 
0 0 24  0  11 1492 1 100 1490 1 150 6 3 1224979098644774912 744 771 1512 3 1224979098644774912 1 8 1510 2 1224979098644774912 30 1511 1 1224979098644774912 2149 2 1224979098644774913 1224979098644774912 2147483678 2 1224979098644774913 600 2136 3 1224979098644774914 200 400 1 3 311 1224979098644774912 1224979098644774914 3 0 
5.7 0 0  4 2300 2 72057594037927939 7 2147483678 2 72057594037927939 10 2310 2 72057594037927938 7 2147483678 2 72057594037927938 3  2 1103 1 1 1100 2 244 7 
2 0 0  2 2311 2 72057594037927938 32 131 1 72057594037927938  5 2204 2 1224979098644774912 72057594037927938 1 3 81 1224979098644774912 -1 1640 2 72057594037927938 1 1641 2 72057594037927938 72057594037927936 1603 3 72057594037927938 65536 0 
4 0 0  3 31 2 144115188075855874 1 2291 2 72057594037927937 144115188075855985 2147483679 2 72057594037927937 144115188075855984  1 2133 2 144115188075855874 0 
1.5 0 0  2 2311 2 72057594037927938 28 131 1 72057594037927938  5 2204 2 1224979098644774912 72057594037927938 1 3 81 1224979098644774912 -1 1640 2 72057594037927938 1 1641 2 72057594037927938 72057594037927936 1603 3 72057594037927938 65536 0 
1 0 0  0  9 6 3 1224979098644774912 15 19 542 3 1224979098644774912 21 0 2147483679 2 1224979098644774912 15 4 0 2136 3 1224979098644774913 0 100 2147483678 2 1224979098644774913 15 1 3 127 1224979098644774912 11 3 0 3 0 
0.2 0 0  43 200 1 19 2147483852 1 19 546 3 19 11 2 526 3 1224979098644774912 19 1 526 3 1224979098644774913 19 8 4 0 2147483780 1 1224979098644774913 506 3 19 11 3 1 2 263 19 5 0 130 2 1224979098644774913 1224979098644774912 1232 1 1224979098644774913 506 3 19 11 3 526 3 1224979098644774914 19 4 2133 2 1224979098644774915 0 6 3 1224979098644774916 15 19 542 3 1224979098644774916 21 0 2147483679 2 1224979098644774916 15 2147484194 3 19 3 1224979098644774916 2105 2 1224979098644774915 1 3 0 4 0 32 2 1224979098644774915 0 2136 3 1224979098644774917 0 1224979098644774915 2133 2 1224979098644774918 -1 6 3 1224979098644774916 15 19 31 2 1224979098644774918 -1 542 3 1224979098644774916 21 0 2147483679 2 1224979098644774916 15 2147484194 3 19 3 1224979098644774916 2106 2 1224979098644774917 1 2147483678 2 1224979098644774917 0 2133 2 1224979098644774918 1224979098644774916 3 0 3 0 4 0 32 2 1224979098644774918 0 1 3 111 1224979098644774914 1224979098644774918 5 0 1 3 111 1224979098644774914 19 3 0 1 2 262 19 3 0  0 
0.2 0 0  64 200 1 14 2147483852 1 14 526 3 1224979098644774912 14 7 526 3 1224979098644774913 14 1 4 0 132 1 144115188075855969 4 0 130 2 144115188075855969 1224979098644774913 1232 1 144115188075855969 2105 2 144115188075855875 1 5 0 130 2 144115188075855969 1224979098644774912 1232 1 144115188075855969 2105 2 144115188075855876 1 5 0 2281 3 1224979098644774914 0 144115188075855969 32 2 1224979098644774914 3 1641 2 144115188075855969 1224979098644774913 3 0 3 0 4 0 132 1 144115188075855970 4 0 130 2 144115188075855970 1224979098644774913 1232 1 144115188075855970 2105 2 144115188075855875 1 5 0 130 2 144115188075855970 1224979098644774912 1232 1 144115188075855970 2105 2 144115188075855876 1 5 0 2281 3 1224979098644774914 0 144115188075855970 32 2 1224979098644774914 3 1641 2 144115188075855970 1224979098644774913 3 0 3 0 4 0 132 1 144115188075855971 4 0 130 2 144115188075855971 1224979098644774913 1232 1 144115188075855971 2105 2 144115188075855875 1 5 0 130 2 144115188075855971 1224979098644774912 1232 1 144115188075855971 2105 2 144115188075855876 1 5 0 2281 3 1224979098644774914 0 144115188075855971 32 2 1224979098644774914 3 1641 2 144115188075855971 1224979098644774913 3 0 3 0 2133 2 1224979098644774915 144115188075855876 2105 2 1224979098644774915 144115188075855875 30 2 1224979098644774915 3 4 0 30 2 144115188075855876 3 1 2 262 14 5 0 31 2 144115188075855876 0 1 2 263 14 5 0 1 2 261 14 3 0  0 
0.5 0 0  88 200 1 15 31 2 144115188075855882 0 526 3 1224979098644774912 15 12 526 3 1224979098644774913 15 7 2133 2 1224979098644774914 0 4 0 1073741855 2 144115188075855877 1 3221225604 1 144115188075855968 2147483780 1 144115188075855967 5 0 31 2 144115188075855878 0 2281 3 1224979098644774915 0 144115188075855968 4 0 2133 2 1224979098644774916 3 4 0 2273 0 2133 2 1224979098644774916 1 3 0 2147483680 2 1224979098644774915 1224979098644774916 2281 3 1224979098644774917 0 1224979098644774912 32 2 1224979098644774917 1 2133 2 1224979098644774914 1 2133 2 144115188075855877 1 1106 1 216172782113783977 5 0 2281 3 1224979098644774915 144115188075855967 144115188075855968 2147483680 2 1224979098644774915 1 1660 2 144115188075855968 144115188075855967 2133 2 144115188075855878 1 2133 2 144115188075855879 0 3 0 5 0 31 2 144115188075855878 1 2281 3 1224979098644774915 0 144115188075855967 4 0 2147483680 2 1224979098644774915 1 1661 1 144115188075855968 2133 2 1224979098644774914 1 2133 2 144115188075855877 1 1106 1 216172782113783977 5 0 2105 2 144115188075855879 1 32 2 144115188075855879 4 1661 1 144115188075855968 2133 2 1224979098644774914 0 2133 2 144115188075855878 2 3 0 3 0 4 0 31 2 1224979098644774914 1 1641 2 144115188075855968 1224979098644774912 1641 2 144115188075855967 1224979098644774913 1640 2 144115188075855968 1 1640 2 144115188075855967 1 1603 3 144115188075855968 65536 0 1603 3 144115188075855967 65536 0 3 0 2133 2 1224979098644774918 0 4 0 132 1 144115188075855968 2105 2 1224979098644774918 1 130 2 144115188075855968 1224979098644774912 1232 1 144115188075855968 2133 2 144115188075855880 1 2106 2 1224979098644774918 1 3 0 4 0 132 1 144115188075855967 2105 2 1224979098644774918 1 130 2 144115188075855967 1224979098644774913 1232 1 144115188075855967 2133 2 144115188075855881 1 2106 2 1224979098644774918 1 3 0 4 0 31 2 144115188075855881 1 31 2 144115188075855880 1 1 2 263 15 3 0 4 0 31 2 1224979098644774918 0 2133 2 144115188075855882 1 1632 3 1224979098644774919 0 952 1632 3 1224979098644774920 0 953 32 2 1224979098644774919 0 32 2 1224979098644774920 0 1 2 262 15 3 0  0 
168 0 0  0  2 2107 2 144115188075855883 101 2108 2 144115188075855883 100 
0.1 0 0.1  2 200 1 33 31 2 144115188075856010 1  6 526 3 1224979098644774912 33 8 4 0 132 1 1224979098644774912 1640 2 1224979098644774912 0 1603 3 1224979098644774912 65536 0 3 0 
0.1 0 0.1  2 200 1 33 31 2 144115188075856010 0  7 526 3 1224979098644774912 33 8 4 0 132 1 1224979098644774912 1640 2 1224979098644774912 10 1603 3 1224979098644774912 65536 0 1641 2 1224979098644774912 0 3 0 
0.1 0 0  3 200 1 33 526 3 1224979098644774912 33 8 2147483780 1 1224979098644774912  1 1 3 194 33 2 
0.3 0 1.1  6 200 1 35 2147483851 1 35 2301 2 1224979098644774912 17 2147483678 2 144115188075856011 1224979098644774912 2302 2 1224979098644774913 17 31 2 1224979098644774913 144115188075856012  2 1106 1 216172782113783824 1 3 194 35 2 
0.3 0 1.1  6 200 1 35 2147483850 1 35 2301 2 1224979098644774912 17 2147483678 2 144115188075856011 1224979098644774912 2302 2 1224979098644774913 17 2147483679 2 1224979098644774913 144115188075856012  1 1 2 262 35 
1 0 0  5 200 1 36 526 3 1224979098644774912 36 8 132 1 1224979098644774912 131 1 1224979098644774912 1232 1 1224979098644774912  0 
0 0 336  22 6 3 1224979098644774912 539 539 500 3 1224979098644774912 12 0 2147483679 2 1224979098644774912 144115188075855909 520 3 1224979098644774913 1224979098644774912 14 542 3 1224979098644774913 21 0 542 3 1224979098644774913 60 1 2147484188 3 1224979098644774912 2 2 6 3 1224979098644774914 0 30 540 3 1224979098644774912 12 0 2136 3 1224979098644774915 46 73 2204 2 1224979098644774916 1224979098644774915 2190 3 1224979098644774917 1224979098644774916 1224979098644774913 2147483680 2 1224979098644774917 0 500 3 1224979098644774912 12 1224979098644774915 4 0 31 2 144115188075856024 1 2322 2 4 1224979098644774912 2330 2 5 1224979098644774915 1106 1 1585267068834414932 3 0 3 0 3 0  0 
360 0 0  1 1 1 271  0 
24 0 0  0  1 1 1 386 
0 0 24  0  95 2133 2 1224979098644774912 0 2133 2 1224979098644774913 100 6 3 1224979098644774914 395 413 110 1 1224979098644774914 2105 2 1224979098644774912 1 3 0 2106 2 1224979098644774913 1224979098644774912 2170 3 1224979098644774915 7 0 2105 2 1224979098644774913 1224979098644774915 2133 2 72057594037927943 1224979098644774913 4 0 32 2 144115188075855885 0 31 2 144115188075856446 0 4 0 520 3 1224979098644774916 144115188075855885 71 110 1 144115188075855885 110 1 1224979098644774916 2133 2 144115188075855884 144115188075855885 3 0 2133 2 144115188075855885 0 3 0 6 3 1224979098644774917 395 413 500 3 1224979098644774917 81 0 4 0 540 3 1224979098644774917 5 1 500 3 1224979098644774917 80 1 3 0 520 3 1224979098644774918 1224979098644774917 2 4 0 31 2 1224979098644774918 11 520 3 1224979098644774919 1224979098644774917 84 2322 2 31 1224979098644774917 520 3 1224979098644774920 0 7 2133 2 72057594037927940 1224979098644774920 2133 2 72057594037927941 1224979098644774919 32 2 1224979098644774920 1224979098644774919 500 3 1224979098644774917 77 0 500 3 1224979098644774917 69 0 500 3 1224979098644774917 2 0 3 0 4 0 110 1 1224979098644774917 1 2 317 1224979098644774917 2133 2 1224979098644774921 72057594037927936 4 0 2147483678 2 1224979098644774921 20 2136 3 1224979098644774922 0 100 2105 2 1224979098644774921 1224979098644774922 2147483678 2 1224979098644774921 20 2133 2 144115188075855886 1224979098644774917 3 0 520 3 1224979098644774923 1224979098644774917 77 2107 2 1224979098644774923 90 2108 2 1224979098644774923 1224979098644774913 500 3 1224979098644774917 77 1224979098644774923 520 3 1224979098644774923 1224979098644774917 69 2107 2 1224979098644774923 90 2108 2 1224979098644774923 1224979098644774913 500 3 1224979098644774917 69 1224979098644774923 4 0 1073742384 3 1224979098644774917 72 1 31 2 144115188075856446 1 520 3 1224979098644774924 1224979098644774917 71 110 1 1224979098644774924 1 4 319 1224979098644774917 1224979098644774924 72 3 0 4 0 1073742384 3 1224979098644774917 74 1 31 2 144115188075856446 1 520 3 1224979098644774924 1224979098644774917 73 110 1 1224979098644774924 1 4 319 1224979098644774917 1224979098644774924 74 3 0 4 0 1073742384 3 1224979098644774917 76 1 31 2 144115188075856446 1 520 3 1224979098644774924 1224979098644774917 75 110 1 1224979098644774924 520 3 1224979098644774923 1224979098644774917 77 2107 2 1224979098644774923 9 2108 2 1224979098644774923 10 500 3 1224979098644774917 77 1224979098644774923 3 0 4 0 31 2 144115188075856446 0 31 2 144115188075855884 0 31 2 144115188075855918 0 31 2 144115188075855885 0 540 3 1224979098644774917 72 0 520 3 1224979098644774916 1224979098644774917 71 110 1 1224979098644774916 2133 2 144115188075855885 1224979098644774917 3 0 3 0 3 0 
0 0 0  3 31 2 144115188075856544 1 32 2 144115188075856545 0 2147483780 1 144115188075856545  18 2133 2 144115188075856544 0 1 1 482 1 1 490 1650 2 1224979098644774912 0 7 3 1224979098644774913 0 1224979098644774912 1652 3 1224979098644774914 0 1224979098644774913 2147485155 1 1224979098644774914 1653 3 1224979098644774915 0 1224979098644774913 1615 3 0 1224979098644774914 1224979098644774915 3 0 2173 2 1224979098644774916 144115188075856549 6 3 1224979098644774917 15 19 2147483679 2 1224979098644774916 1224979098644774917 542 3 1224979098644774917 21 0 1 3 155 1224979098644774917 0 3 0 2133 2 144115188075856140 144115188075856053 2060 1 155 
0 0 0  15 31 2 144115188075856544 1 4 0 561 3 280 68 1 37 0 501 3 280 68 0 1695 2 1224979098644774912 0 7 3 1224979098644774913 0 1224979098644774912 1696 3 1224979098644774914 0 1224979098644774913 1661 1 1224979098644774914 3 0 3 0 1680 2 1224979098644774915 144115188075856545 32 2 1224979098644774915 0 2175 2 1224979098644774916 0 30 2 1224979098644774916 50  1 2060 1 213 
1 0 0  8 31 2 144115188075856544 0 32 2 144115188075856545 0 2147483780 1 144115188075856545 2173 2 1224979098644774912 144115188075856549 2190 3 1224979098644774913 15 1224979098644774912 2147483678 2 1224979098644774913 0 1696 3 1224979098644774914 0 0 31 2 3 1224979098644774914  37 2133 2 144115188075856545 -1 1661 1 3 2170 3 1224979098644774912 1 0 2170 3 1224979098644774913 7 0 2120 3 1224979098644774914 1224979098644774913 1224979098644774912 2105 2 1224979098644774914 10 2136 3 1224979098644774915 0 1224979098644774914 4 0 33 3 1224979098644774915 0 5 1 3 42 0 0 2133 2 1224979098644774916 72057594037927936 1 3 42 3 0 2133 2 1224979098644774917 72057594037927936 30 2 1224979098644774917 1224979098644774916 1651 2 1224979098644774918 3 6 3 1224979098644774919 0 1224979098644774918 1656 3 1224979098644774920 3 1224979098644774919 1657 3 1224979098644774921 3 1224979098644774919 1616 3 3 1224979098644774920 1224979098644774921 3 0 1120 2 1585267068834415597 1585267068834415598 1300 1 3 2052 0 5 0 33 3 1224979098644774915 5 10 1120 2 1585267068834415599 1585267068834415600 1617 1 3 5 0 1120 2 1585267068834415601 1585267068834415600 1650 2 1224979098644774918 3 6 3 1224979098644774919 0 1224979098644774918 1652 3 1224979098644774920 3 1224979098644774919 1653 3 1224979098644774921 3 1224979098644774919 1610 3 0 1224979098644774920 1224979098644774921 3 0 1617 1 3 3 0 
0 0 0  6 31 2 144115188075856544 1 71 1 224 2124 1 1000 75 1 0 727 2 1224979098644774912 0 32 2 1224979098644774912 50  2 2060 1 213 1031 3 9999 4 0 
24 0 0  2 31 2 144115188075856544 2 31 2 144115188075856553 1  24 520 3 1224979098644774912 0 317 4 0 32 2 1224979098644774912 5 2106 2 1224979098644774912 1 500 3 0 317 1224979098644774912 5 0 33 3 1224979098644774912 1 5 2133 2 72057594037927936 1224979098644774912 1106 2 1585267068834415602 16732240 2106 2 1224979098644774912 1 500 3 0 317 1224979098644774912 5 0 31 2 1224979098644774912 0 1 1 489 1106 2 1585267068834415603 16732240 4 0 200 1 47 2133 2 1224979098644774913 47 5 0 200 1 48 2133 2 1224979098644774913 48 3 0 1 2 263 1224979098644774913 3 0 
24 0 0  2 31 2 144115188075856544 2 31 2 144115188075856553 0  37 520 3 1224979098644774912 0 317 4 0 32 2 1224979098644774912 5 2106 2 1224979098644774912 1 500 3 0 317 1224979098644774912 5 0 33 3 1224979098644774912 1 5 2133 2 72057594037927936 1224979098644774912 4 0 540 3 0 162 1 2320 2 5 1585267068834415604 5 0 2320 2 5 1585267068834415605 3 0 1106 2 1585267068834414712 5308240 2106 2 1224979098644774912 1 500 3 0 317 1224979098644774912 5 0 31 2 1224979098644774912 0 2133 2 144115188075856059 22 2173 2 1224979098644774913 144115188075856549 4 0 31 2 1224979098644774913 16 2133 2 1224979098644774914 149 5 0 31 2 1224979098644774913 17 2133 2 1224979098644774914 181 5 0 2133 2 1224979098644774914 197 3 0 4 0 540 3 0 162 1 1025 1 144115188075856549 5 0 1025 1 1224979098644774914 3 0 3 0 
0 0 0  2 31 2 144115188075856544 1 71 1 13  4 2105 2 144115188075856546 1 2109 2 144115188075856546 5 2133 2 72057594037927958 144115188075856546 1106 1 1585267068834415606 
0 0 0  1 31 2 144115188075856544 1  16 4 0 31 2 144115188075856546 0 1031 3 8760 5 1 5 0 31 2 144115188075856546 1 1031 3 8760 7 1 5 0 31 2 144115188075856546 2 1031 3 8760 9 1 5 0 31 2 144115188075856546 3 1031 3 8760 11 1 5 0 31 2 144115188075856546 4 1031 3 8760 13 1 3 0 
0.1 0 100000000  1 31 2 144115188075856544 1  1 1120 2 1585267068834415607 1585267068834415608 
2 0 0  3 31 2 144115188075856556 1 31 2 144115188075856544 2 540 3 0 162 1  16 2133 2 1224979098644774912 0 4 0 200 1 49 202 1 49 2133 2 1224979098644774912 1 5 0 200 1 28 202 1 28 2133 2 1224979098644774912 1 5 0 200 1 0 202 1 0 2133 2 1224979098644774912 1 3 0 31 2 1224979098644774912 1 2060 1 220 
0 0 100000000  0  0 
0 0 100000000  0  0 
0 0 100000000  0  0 
0 0 100000000  0  0 
0 0 100000000  0  0 
0 0 100000000  0  0 
0 0 100000000  0  0 
0 0 100000000  0  0 
0 0 100000000  0  0 
0 0 100000000  0  0 
0 0 100000000  0  0 
0 0 100000000  0  0 
0 0 100000000  0  0 
0 0 100000000  0  0 
0 0 100000000  0  0 
0 0 100000000  0  0 
0 0 100000000  0  0 
0 0 100000000  0  0 
0 0 100000000  0  0 
0 0 100000000  0  0 
0 0 100000000  0  0 
0 0 100000000  0  0 
0 0 100000000  0  0 
0 0 100000000  0  0 
0 0 100000000  0  0 
0 0 100000000  0  0 
0 0 100000000  0  0 
0 0 100000000  0  0 
0 0 100000000  0  0 
0 0 100000000  0  0 
0 0 100000000  0  0 
0 0 100000000  0  0 
0 0 100000000  0  0 
0 0 100000000  0  0 
0 0 100000000  0  0 
0 0 100000000  0  0 
0 0 100000000  0  0 
0 0 100000000  0  0 
0 0 100000000  0  0 
0 0 100000000  0  0 
0 0 100000000  0  0 
0 0 100000000  0  0 
0 0 100000000  0  0 
0 0 100000000  0  0 
0 0 100000000  0  0 
0 0 100000000  0  0 
0 0 100000000  0  0 
0 0 100000000  0  0 
0 0 100000000  0  0 
0 0 100000000  0  0 
0 0 100000000  0  0 
