513
2
3
1
6
1
2
1
1
1
5
5
6
5
4
780
1
7
154
100
59
38
5
1
5
23
6
6
1
2
5
5
4
1
1
1
6
31
1
1
1
5
104
12
52
6
4
3
1
5
1
4
1
5
3
4
6
5
9
3
8
3
2
4
11
3
7
11
1
3
20
1
3
1
1
1
2
6
7
3
10
5
2
9
18
18
1
4
2
4
1
1
176
2
2
16
17
10
10
10
4
3
5
4
4
4
8
3
8
9
2
2
6
5
3
1
4
5
10
1
2
1
1
1
1
4
5
2
2
1
5
1
2
3
3
3
19
1
2
2
2
2
1
1
1
12
9
4
2
1
2
20
55
6
4
46
10
13
3
3
12
22
3
1
8
1
3
1
13
13
7
39
4
4
9
7
7
11
9
3
5
36
27
5
8
8
5
130
11
6
4
1
3
3
2
1
8
1
1
1
2
1
2
2
5
6
6
434
8
15
3
8
2
2
3
1
5
3
1
12
1
1
4
6
2
9
1
2
1
2
1
6
1
1
2
8
4
1
2
8
11
11
11
11
11
11
40
12
2
4
2
2
1
9
2
4
4
1
3
1
8
3
6
1
1
1
5
4
421
1
1
11
1
1
5
16
4
16
15
4
201
27
9
6
4
6
6
114
0
26
16
8
3
2
2
2
2
2
2
31
3
3
12
6
6
0
61
4
9
13
2
15
1
54
11
3
12
38
32
0
20
20
20
20
20
20
20
2
6
46
6
34
18
34
10
2
2
4
9
3
8
10
3
6
1
7
1
1
1
1
1
1
3
5
3
2
1
12
1
1
1
1
1
1
1
1
1
5
1
25
2
2
2
2
2
1
1
13
1
1
1
1
1
1
1
1
8
1
1
1
1
1
1
1
2
2
5
11
1
7
5
1
1
3
11
16
1
1
15
17
17
18
13
7
7
7
7
6
6
6
2
2
2
2
1
1
1
1
1
1
66
54
52
35
42
2
18
1
2
5
5
34
33
8
8
8
9
9
8
8
8
29
25
5
6
2
2
22
20
9
6
2
2
15
12
5
3
2
2
12
8
5
3
2
2
15
2
1
2
2
1
8
8
8
6
6
6
6
6
6
6
6
6
6
6
6
6
6
6
6
6
6
13
14
13
15
6
6
6
6
6
6
5
2
21
3
5
3
4
4
4
4
4
4
4
4
37
9
9
9
9
9
9
9
9
9
9
8
8
8
8
8
8
8
8
8
8
3
129
34
33
33
33
5
5
6
6
6
5
7
5
7
5
7
6
5
5
5
5
6
1
2
1
1
12
23
83
22
4
9
2
1
2
4
1
3
1
3
6
25
7
2
2
3
3
4
12
5
2
3
6
2
2
2
15
12
3
3
4
5
4
1
2
6
1
4
2
2
2
1
1
1
4
4
5
6
1
2
4
13
4
1
3
2
2
52
17
1
1
1
3
3
1
17
9
23
21
13
2
2
2
2
2
1
1
1
1
8
5
4
3
6
2
3
2
2
4
4
3
2
2
1
51
52
6
0
35
100
11
3
2
2
1
2
2
8
141
84
2
111
866
1
1
1
1
512
14
65
13
13
39
26
39
13
127
26
26
13
2
3
3
3
3
2
40
3
3
4
3
3
3
3
3
3
3
3
3
17
17
17
17
17
17
17
17
17
12
12
12
12
12
12
12
12
12
1
11
3
2
2
2
11
3
2
2
2
11
3
2
2
2
11
3
2
2
2
11
3
2
2
2
11
3
2
2
2
11
3
2
2
2
11
3
2
2
2
11
3
2
2
2
11
8
8
8
4
4
4
4
3
3
3
3
3
3
3
2
2
2
5
1
1
1
1
1
1
1
1
1
1
1
1
2
1
52
40
